1.2
2
0
0
f(10) = 9
f[0](10) = 666
f[1](10) = -0.54402111088937
f[2](10) = -0.839071529076452
f[3](10) = 666
f[4](10) = 666
