Make random symmetrical matrix A
Matrix A
4.32786648828903  4.30675523556152  3.83714730564372  
4.30675523556152  4.78725245445373  5.84686247438512  
3.83714730564372  5.84686247438512  2.32200601711963  

-----
Apply Jacobi rotations cyclically to get matrix V with eigenvector cols
Transformation counter = 9
Matrix V
-0.0666665350326496  0.837347653732512  0.542590526912696  
-0.603314483803733  -0.466957440647399  0.646500102286663  
0.794712027554243  -0.284252801943424  0.536314402051574  

Matrix D, which is A diagonalized
-2.43859280731865  3.47230628035467E-06  5.07660680918911E-10  
3.47230628063287E-06  0.623561555829385  4.74338450462408E-19  
5.07661674956148E-10  -4.23055687703844E-16  13.2521562113517  

-----
Matrix V^t*A*V
-2.43859280731865  3.47230627961714E-06  5.07660358195494E-10  
3.47230628020001E-06  0.623561555829385  -5.41233724504764E-16  
5.07659692061679E-10  -4.44089209850063E-16  13.2521562113517  

Is V^t*A*V==D? True
-----
Matrix V*D*V^t
4.32786648828903  4.30675523556153  3.83714730564372  
4.30675523556153  4.78725245445374  5.84686247438512  
3.83714730564372  5.84686247438512  2.32200601711962  

Is V*D*V^t==A? True
-----
Matrix V*V^t
1  2.22044604925031E-16  -5.55111512312578E-17  
2.22044604925031E-16  1  -1.66533453693773E-16  
-5.55111512312578E-17  -1.66533453693773E-16  1  

Is V*V^t==I? True
-----
Matrix V^t*V
1  5.55111512312578E-17  -3.88578058618805E-16  
5.55111512312578E-17  1  1.11022302462516E-16  
-3.88578058618805E-16  1.11022302462516E-16  1  

Is V^t*V==I? True
-----
Is V^t*V==V*V^t? True
-----
