Hi, sin to 4.71238898038469 is -1, and the absolute value of -1 is 1.
x=4.71238898038469
Tasks:
sqrt2 = 1.4142135623731, and sqrt2*sqrt2 = 2
2^1/5 = 1.14869835499704 and (2^1/5)^5 = 2
e^pi = 23.1406926327793 and ln(e^pi) = 3.14159265358979
pi^e = 22.459157718361 and ln(pi^e) = 2.71828182845905
fgamma(1) = 0.999999989064903 and (1-1)! = 1
lngamma(1) = -1.09350976051914E-08 and exp(lngamma(1)) = 0.999999989064903

fgamma(2) = 0.999999989064903 and (2-1)! = 1
lngamma(2) = -1.09350976051914E-08 and exp(lngamma(2)) = 0.999999989064903

fgamma(3) = 1.99999997812981 and (3-1)! = 2
lngamma(3) = 0.693147169624848 and exp(lngamma(3)) = 1.9999999781298

fgamma(4) = 5.99999993438942 and (4-1)! = 6
lngamma(4) = 1.79175945829296 and exp(lngamma(4)) = 5.99999993438942

fgamma(5) = 23.9999997375577 and (5-1)! = 24
lngamma(5) = 3.17805381941285 and exp(lngamma(5)) = 23.9999997375577

fgamma(6) = 119.999998687788 and (6-1)! = 120
lngamma(6) = 4.78749173184695 and exp(lngamma(6)) = 119.999998687788

fgamma(7) = 719.99999212673 and (7-1)! = 720
lngamma(7) = 6.579251201075 and exp(lngamma(7)) = 719.99999212673

fgamma(8) = 5039.99994488711 and (8-1)! = 5040
lngamma(8) = 8.52516135013032 and exp(lngamma(8)) = 5039.99994488711

fgamma(9) = 40319.9995590969 and (9-1)! = 40320
lngamma(9) = 10.6046028918102 and exp(lngamma(9)) = 40319.9995590969

