Hi, sin to 4.71238898038469 is -1, and the absolute value of -1 is 1.
x=4.71238898038469
fgamma(1)=0.999999989064903
fgamma(2)=0.999999989064903
fgamma(3)=1.99999997812981
fgamma(4)=5.99999993438942
fgamma(5)=23.9999997375577
fgamma(6)=119.999998687788
fgamma(7)=719.99999212673
fgamma(8)=5039.99994488711
fgamma(9)=40319.9995590969
