Properly testing decomp
Matrix A
0.136260823410126  9.81065627178673  4.40018382593998  
3.29933931273377  1.81828660975131  0.0536147086199441  
1.84316579338311  1.32055393481653  6.83064791691985  
0.531512019471969  1.67398274022806  0.0429103616824887  
7.66059471651008  2.39685290139022  3.06001950663515  
8.14649331762758  5.53664857313812  4.4962420102657  
0.50091239647051  9.06173908573656  6.06054418071198  

Matrix Q
0.0115208762806007  0.728821471435843  -0.151814597753933  
0.278959711811806  -0.00277778431818078  -0.27959089813742  
0.155839987890636  0.0212676908023038  0.915910934829054  
0.0449394335417891  0.10295762188943  -0.160198423224666  
0.647704613519734  -0.14309004288131  -0.0154106527495488  
0.688787424619022  0.0715387742246909  -0.0768147150239158  
0.0423522301034848  0.657393644266385  0.167591448415629  

Matrix R
11.8272968211252  6.65109046386941  6.4676880414577  
0  13.3558494952742  7.22445012198823  
0  0  6.18954955538951  

Matrix Q transposed
0.0115208762806007  0.278959711811806  0.155839987890636  0.0449394335417891  0.647704613519734  0.688787424619022  0.0423522301034848  
0.728821471435843  -0.00277778431818078  0.0212676908023038  0.10295762188943  -0.14309004288131  0.0715387742246909  0.657393644266385  
-0.151814597753933  -0.27959089813742  0.915910934829054  -0.160198423224666  -0.0154106527495488  -0.0768147150239158  0.167591448415629  

Matrix product QtQ
1  5.55111512312578E-17  8.84708972748172E-17  
5.55111512312578E-17  1  2.77555756156289E-17  
8.84708972748172E-17  2.77555756156289E-17  1  

QtQ compared to identity = True

Matrix product QR
0.136260823410126  9.81065627178673  4.40018382593998  
3.29933931273378  1.81828660975131  0.0536147086199441  
1.84316579338311  1.32055393481653  6.83064791691985  
0.531512019471969  1.67398274022806  0.042910361682489  
7.66059471651008  2.39685290139022  3.06001950663515  
8.14649331762758  5.53664857313812  4.4962420102657  
0.50091239647051  9.06173908573656  6.06054418071198  

QR compared to A = True

Properly testing solve
Matrix A
7.72266752911856  7.2440893609282  1.5688577581052  7.10333982813328  2.05574107917759  
2.32486449290293  7.63489270472661  2.60951038571517  0.342819239172535  5.66556018109692  
7.89733478701549  5.7614836263291  1.95170553491996  3.49555255542302  4.99977971194302  
3.14135395602386  6.51230020751818  2.61313824570418  0.505592394855615  2.69724019928707  
4.44482850583495  8.80509046782045  6.6138822383312  5.26917545835915  9.64303942846276  

Vector b
9.61677079536802
6.74653224961205
4.01864032448206
3.79626318989148
1.60891070571212

Solutions vector x
-0.5775929403724
1.74834957475972
-2.56230694599744
0.704138070914343
0.209312164324762

Vector Ax
9.61677079536801
6.74653224961205
4.01864032448207
3.79626318989147
1.60891070571211

Ax compared to b = True

Properly testing det_tri
Matrix A
2.7724368324375  3.24897383490995  2.07155049409324  
3.72644464193212  3.39109656093227  4.14025406545971  
2.67609612209541  8.85072145091869  9.91354105524418  
8.6271259135693  6.74592398886845  3.70081626982466  

Matrix R
10.1568492970268  10.1928878058161  7.83989846229122  
0  6.48098493354862  8.2651981936537  
0  0  1.90521741901858  

Determinant of R is 125.413579650922
