Properly testing decomp
Matrix A
8.61696747532904  7.47853317646241  6.35328744368315  
7.11446770798157  1.93923404064925  5.22322485000977  
0.780374287059705  3.9859408345008  6.77393635119029  
4.9838661844767  4.75326059607475  0.0638139806984989  
0.304974503957189  0.6964054939786  0.610597655461448  
1.04374760344799  0.391366798612926  6.33550889153756  
0.096706883095534  2.36380295938058  9.02842572379318  

Matrix Q
0.700063525165177  0.264139298641221  -0.121863817049068  
0.577996767143793  -0.550189440564858  0.350058583984986  
0.0633995168150983  0.624103842150155  0.199635927223726  
0.404901485359622  0.230381387246709  -0.444946124363694  
0.024776875036031  0.0876618112630273  -0.0153404444200214  
0.0847966095664767  -0.0613318448898443  0.546964433548505  
0.00785670384406447  0.416526869093029  0.570413201149718  

Matrix R
12.3088365063669  8.60264133273797  8.54530659153377  
0  5.51276454062247  6.47227053529397  
0  0  10.9839905283209  

Matrix Q transposed
0.700063525165177  0.577996767143793  0.0633995168150983  0.404901485359622  0.024776875036031  0.0847966095664767  0.00785670384406447  
0.264139298641221  -0.550189440564858  0.624103842150155  0.230381387246709  0.0876618112630273  -0.0613318448898443  0.416526869093029  
-0.121863817049068  0.350058583984986  0.199635927223726  -0.444946124363694  -0.0153404444200214  0.546964433548505  0.570413201149718  

Matrix product QtQ
1  -3.21357523924704E-16  7.80625564189563E-17  
-3.21357523924704E-16  1  8.32667268468867E-17  
7.80625564189563E-17  8.32667268468867E-17  1  

QtQ compared to identity = True

Matrix product QR
8.61696747532904  7.47853317646241  6.35328744368315  
7.11446770798157  1.93923404064925  5.22322485000977  
0.780374287059705  3.9859408345008  6.77393635119029  
4.9838661844767  4.75326059607475  0.063813980698499  
0.304974503957189  0.6964054939786  0.610597655461448  
1.04374760344799  0.391366798612926  6.33550889153756  
0.096706883095534  2.36380295938058  9.02842572379318  

QR compared to A = True

Properly testing solve
Matrix A
5.39054443379424  7.98380726388833  4.46855382736239  7.38472662278671  0.283433804420491  
8.72437309880013  0.62715408887116  3.24680954834763  6.22889935794701  3.1875674115436  
8.19311987990193  6.8844723221308  4.76326260006207  1.17517581264264  5.42345826766615  
5.15724317876494  7.92074417132919  0.425522900384629  6.53244371364473  1.08520529749114  
2.78863808270015  1.96133253255921  7.85792140656054  3.06821292409124  6.0754903434196  

Vector b
2.91539329239884
7.25134537427283
7.78664630734671
0.452429983044243
5.06402684611456

Solutions vector x
0.93811689853203
-0.252957272758345
0.61668202719825
-0.385131245075554
-0.118522544353651

Vector Ax
2.91539329239885
7.25134537427284
7.78664630734672
0.452429983044237
5.06402684611456

Ax compared to b = True

Properly testing det_tri
Matrix A
6.58756522768529  3.53036062956339  5.92114142417961  
3.50989994290746  5.45711109668813  5.99361676070542  
2.15758005257583  8.05462700689893  8.61733524995732  
4.24892394069998  8.86012243985204  2.73714745544696  

Matrix R
8.85572806579768  11.0024701572263  10.1928855317163  
0  8.03541809771886  4.37134205305131  
0  0  5.4525456288706  

Determinant of R is 388.000298368227

Properly testing inverse
Matrix A
0.976193971455187  4.69263852792449  8.69684602538908  
2.85424443560384  1.18666537161296  9.39130452898857  
1.19623993579123  0.0206226343385049  7.64991177602201  

Inverse of matrix A
-0.167927609038926  0.675151906299656  -0.637931095030438  
0.200367875230875  0.055490335065163  -0.295911281150354  
0.0257191984157157  -0.105725144761234  0.231273402113174  

Matrix Ainv*A
0.999999999999998  -1.42073852682501E-15  -8.88178419700125E-15  
-4.9960036108132E-16  1  -1.77635683940025E-15  
4.9960036108132E-16  3.56485674313234E-16  1  

Ainv*A compared to identity = True
