Properly testing decomp
Matrix A
1.42467456470461  3.86154219222327  6.34007272140126  
5.95282851529905  1.00099653517874  0.124260792566585  
5.3272729484957  2.5425423088216  3.62556789704858  
3.10586592327145  6.28038730299118  3.85936538868554  
8.44491857962912  6.57401720833686  4.03332849220993  
9.10671555395551  8.86967582109835  5.84627184823447  
0.746856066746104  5.31628669021478  9.63273394370113  

Matrix Q
0.0938792944654471  0.340538763866536  0.366122758326877  
0.392263156046405  -0.472888727814244  0.22143387839758  
0.35104201213372  -0.216913410099345  0.45110727960012  
0.204661828606067  0.474574399242902  -0.455415987301248  
0.55648006759923  -0.0252373294084572  -0.117979105864545  
0.600089348320832  0.195819883188508  -0.248329690703447  
0.0492142713503841  0.590893360992622  0.574832983943742  

Matrix R
15.1755993993859  12.175612333986  8.93335626968417  
0  7.98295109125758  9.8803450801351  
0  0  5.83622566156646  

Matrix Q transposed
0.0938792944654471  0.392263156046405  0.35104201213372  0.204661828606067  0.55648006759923  0.600089348320832  0.0492142713503841  
0.340538763866536  -0.472888727814244  -0.216913410099345  0.474574399242902  -0.0252373294084572  0.195819883188508  0.590893360992622  
0.366122758326877  0.22143387839758  0.45110727960012  -0.455415987301248  -0.117979105864545  -0.248329690703447  0.574832983943742  

Matrix product QtQ
1  4.5102810375397E-17  -3.88578058618805E-16  
4.5102810375397E-17  1  -6.10622663543836E-16  
-3.88578058618805E-16  -6.10622663543836E-16  1  

QtQ compared to identity = True

Matrix product QR
1.42467456470461  3.86154219222327  6.34007272140126  
5.95282851529905  1.00099653517874  0.124260792566585  
5.3272729484957  2.5425423088216  3.62556789704858  
3.10586592327145  6.28038730299118  3.85936538868554  
8.44491857962912  6.57401720833686  4.03332849220993  
9.10671555395551  8.86967582109835  5.84627184823447  
0.746856066746104  5.31628669021478  9.63273394370113  

QR compared to A = True

Properly testing solve
Matrix A
1.77355344955509  9.12752842489981  8.86583130753871  9.60284839365764  4.82439494916443  
2.8995404825078  8.4310563087608  0.504466290820607  8.8531854883084  1.5498093383153  
7.48607777407676  5.60695113875296  4.4341645224179  2.05793430193231  1.39891229169393  
0.830060276589384  3.61128910612841  0.679774829503044  6.79975563511241  4.28171679576939  
2.3668045887569  6.61611396196117  7.22365514245986  0.507426094500081  8.96915604778061  

Vector b
1.55665971876898
4.04350579904556
1.45781982757981
1.29061073124903
7.34332808169691

Solutions vector x
-0.300786932267622
1.23989649438056
-0.568281121530563
-0.677091792832581
0.479485063301405

Vector Ax
1.55665971876898
4.04350579904555
1.45781982757981
1.29061073124903
7.34332808169691

Ax compared to b = True

