Properly testing decomp
Matrix A
6.25126869243163  5.10970209497479  1.59904380869076  
9.69265624866479  7.66343407689754  7.81914889245254  
4.48086054738651  3.25223295635182  3.91012726533698  
9.3722201694605  4.98469566692817  1.089197160252  
5.43838394593372  3.39538497542748  9.76649401232903  
6.23634036920794  4.75521271804125  0.925862943253416  
3.4794632547905  2.71893067412029  8.76181937696497  

Matrix Q
0.348631051041314  0.357410004281953  -0.305827303422172  
0.540556021763276  0.427814629351986  0.0496079950907312  
0.249896012963932  0.0561569533940772  0.0856789631276199  
0.522685414598398  -0.768589927661729  -0.251859830593172  
0.303296755318251  -0.200830549732359  0.634164049686389  
0.34779850371823  0.189707782279302  -0.324930556209072  
0.194048439006609  0.137937301231024  0.57051778240698  

Matrix R
17.9309005143401  12.5533333872497  11.314974089683  
0  2.05148225657247  2.72191017071837  
0  0  10.8510436751005  

Matrix Q transposed
0.348631051041314  0.540556021763276  0.249896012963932  0.522685414598398  0.303296755318251  0.34779850371823  0.194048439006609  
0.357410004281953  0.427814629351986  0.0561569533940772  -0.768589927661729  -0.200830549732359  0.189707782279302  0.137937301231024  
-0.305827303422172  0.0496079950907312  0.0856789631276199  -0.251859830593172  0.634164049686389  -0.324930556209072  0.57051778240698  

Matrix product QtQ
1  -5.20417042793042E-17  -2.08166817117217E-16  
-5.20417042793042E-17  1  0  
-2.08166817117217E-16  0  1  

QtQ compared to identity = True

Matrix product QR
6.25126869243163  5.10970209497479  1.59904380869076  
9.69265624866479  7.66343407689754  7.81914889245254  
4.48086054738651  3.25223295635182  3.91012726533698  
9.3722201694605  4.98469566692817  1.089197160252  
5.43838394593372  3.39538497542748  9.76649401232903  
6.23634036920794  4.75521271804125  0.925862943253416  
3.4794632547905  2.71893067412029  8.76181937696497  

QR compared to A = True

Properly testing solve
Matrix A
3.02171335230661  4.69639552975837  8.15965768795444  7.29440227490589  7.0402435572074  
3.44017635259786  5.95599320994504  1.32113635601529  0.75231649482265  9.64883919323275  
8.44574048577144  3.17303993886944  1.96315996440275  9.41724879174365  3.00276787160093  
5.58437862227875  9.66521933659223  5.39955482603961  4.8006884031001  6.88068530842694  
1.08363202823495  5.59444467797617  0.475482731347663  7.20203154590075  9.97676477300784  

Vector b
8.16114965740645
0.942449206925207
0.511265010811046
1.1390922037601
9.604742093759

Solutions vector x
-1.14028314906109
-0.198544075378785
0.26364391155482
0.923489465021406
0.518682660397555

Vector Ax
8.16114965740644
0.942449206925208
0.511265010811045
1.1390922037601
9.604742093759

Ax compared to b = True

Properly testing det_tri
Matrix A
9.16575376836851  3.44003628168257  6.60780364489546  
9.18550107590179  4.25726083771198  5.81812161757523  
3.77071967989705  5.44462903656281  6.47871160250097  
5.09029970275718  7.97174728381063  4.89668053337218  

Matrix R
14.4400121234716  9.12356243734398  11.3132065917531  
0  6.31755237526525  2.94305117448323  
0  0  2.61047866058394  

Determinant of R is 238.142306908431
