Properly testing decomp
Matrix A
9.37781757180477  5.70437201564404  5.44004215180876  
9.22676179056371  5.93970614762032  0.374607746663786  
3.58972472305862  9.91422947957843  7.60940151177785  
8.7930766161499  1.21731889025183  4.71575937919121  
5.40114899417439  0.864737886406825  2.22259724616194  
6.8010941412305  4.33343251903236  4.46954474992563  
5.89768721996699  1.25364691543097  8.68298658108478  

Matrix Q
0.485245766238549  0.0842424699835424  -0.0357704426903468  
0.477429536315985  0.118232051716019  -0.637560999458168  
0.185746706042056  0.867321320094084  0.290187533981439  
0.454988931862616  -0.367284896400643  0.107280562055654  
0.279477038466459  -0.212966401369759  -0.0189485495730781  
0.351915796244986  0.0823148904542859  0.0270870576054266  
0.305169911034793  -0.199121800618192  0.703864878585223  

Matrix R
19.3259132264012  10.1484686685441  11.2215003517877  
0  9.25745126633619  3.53594182593622  
0  0  8.47123588876795  

Matrix Q transposed
0.485245766238549  0.477429536315985  0.185746706042056  0.454988931862616  0.279477038466459  0.351915796244986  0.305169911034793  
0.0842424699835424  0.118232051716019  0.867321320094084  -0.367284896400643  -0.212966401369759  0.0823148904542859  -0.199121800618192  
-0.0357704426903468  -0.637560999458168  0.290187533981439  0.107280562055654  -0.0189485495730781  0.0270870576054266  0.703864878585223  

Matrix product QtQ
1  -1.38777878078145E-17  1.38777878078145E-16  
-1.38777878078145E-17  1  0  
1.38777878078145E-16  0  1  

QtQ compared to identity = True

Matrix product QR
9.37781757180477  5.70437201564404  5.44004215180876  
9.22676179056371  5.93970614762032  0.374607746663786  
3.58972472305862  9.91422947957843  7.60940151177784  
8.7930766161499  1.21731889025183  4.71575937919121  
5.40114899417439  0.864737886406825  2.22259724616194  
6.8010941412305  4.33343251903236  4.46954474992563  
5.89768721996699  1.25364691543097  8.68298658108478  

QR compared to A = True

Properly testing solve
Matrix A
3.61638327297586  5.86590069619282  4.85985507017926  5.33115307583062  2.29725894625171  
6.82661888973164  2.55170681167008  3.52914003819653  5.12514491338522  7.09884914900123  
3.38657816564039  5.72060690062149  2.30337235718191  5.06383417875685  4.20404206691498  
3.49461015942255  3.55879987290073  5.81470016195192  9.11928493954208  5.79258748134253  
2.27647287877112  5.37981719029128  2.08944302615218  6.63090145524168  4.72936678898026  

Vector b
2.00214800052445
7.64264658915002
1.0027758036753
7.06974717186286
1.2322959216462

Solutions vector x
0.524843642866087
-0.922684614387659
0.649641289974144
0.279249275107762
0.378975737178617

Vector Ax
2.00214800052442
7.64264658915001
1.00277580367535
7.06974717186289
1.23229592164616

Ax compared to b = True

Properly testing det_tri
Matrix A
8.69985931026743  1.47678708260729  2.53845861299823  
5.52910121880895  8.8095394469842  2.08086331471841  
0.536797121417149  5.85518555057011  1.52728450090032  
9.95039531493112  7.53325320199749  5.13468800351708  

Matrix R
14.3372602117436  9.7409523993455  5.96359086759611  
0  8.7141168999516  1.33261863389471  
0  0  1.45982692300122  

Determinant of R is 182.385756159727

Properly testing inverse
Matrix A
4.97666607842625  6.70646366975571  4.8651151288604  
6.20667278589992  8.52295270120863  0.608707978673609  
6.48678182926345  5.23153943253287  6.91205762648585  

Inverse of matrix A
-0.587200759236319  0.220262707435303  0.393909278126643  
0.41044688694022  -0.0299261920603706  -0.286261364457694  
0.240416708157653  -0.184060397522052  -0.00833556875138434  

Matrix Ainv*A
0.999999999999994  -7.105427357601E-15  -4.44089209850063E-15  
3.99680288865056E-15  1  2.88657986402541E-15  
2.26901830657766E-15  2.55351295663786E-15  1  

Ainv*A compared to identity = True
