Properly testing decomp
Matrix A
7.99329781345711  5.31644629562108  1.95480570753794  
3.45932312936491  7.23573902958806  1.56523112280538  
3.3502175348579  8.61102982825182  5.09789087115689  
6.61387723247235  7.63030610402595  9.74458478844938  
6.28174682905979  9.87562942312827  7.73263320221223  
4.76728429774162  7.62136815005046  3.96217149401185  
9.95490601284192  0.521048214529198  9.37301912781457  

Matrix Q
0.467680645660013  -0.123625182446538  -0.714457249594118  
0.202401876227388  0.343856187186741  -0.32386645818477  
0.196018206298532  0.462125307603013  0.160467646425903  
0.386971991609171  0.157896087304707  0.494238356173285  
0.367539341264303  0.361613712226505  0.189051380984548  
0.278929504498013  0.284630208586094  -0.132172892649625  
0.582452572170216  -0.64514334064233  0.247850437359684  

Matrix R
17.0913590024163  14.6505522098275  15.4077438638237  
0  12.4192611146255  2.06808641548667  
0  0  6.99192335618034  

Matrix Q transposed
0.467680645660013  0.202401876227388  0.196018206298532  0.386971991609171  0.367539341264303  0.278929504498013  0.582452572170216  
-0.123625182446538  0.343856187186741  0.462125307603013  0.157896087304707  0.361613712226505  0.284630208586094  -0.64514334064233  
-0.714457249594118  -0.32386645818477  0.160467646425903  0.494238356173285  0.189051380984548  -0.132172892649625  0.247850437359684  

Matrix product QtQ
1  1.11022302462516E-16  4.9960036108132E-16  
1.11022302462516E-16  1  5.55111512312578E-17  
4.9960036108132E-16  5.55111512312578E-17  1  

QtQ compared to identity = True

Matrix product QR
7.99329781345711  5.31644629562108  1.95480570753794  
3.45932312936491  7.23573902958806  1.56523112280538  
3.3502175348579  8.61102982825182  5.09789087115689  
6.61387723247235  7.63030610402595  9.74458478844938  
6.28174682905979  9.87562942312827  7.73263320221223  
4.76728429774162  7.62136815005046  3.96217149401185  
9.95490601284192  0.521048214529198  9.37301912781457  

QR compared to A = True

Properly testing solve
Matrix A
3.2284575529529  0.384287298835948  5.81673718328436  6.88912704907783  4.16349153228267  
7.59862715732242  6.01219412685008  5.73021170484378  8.92784052944176  4.64768964548022  
3.15125870199467  5.77674507898127  9.5428883375334  5.13240081031453  5.19133907053216  
5.80202942518612  7.02182310494679  2.74321608838775  0.735047515823994  1.35000824991148  
5.2884410439471  4.41596042104809  9.48962232539878  0.577792730451465  2.00521726720278  

Vector b
8.51691152831396
8.5995287301948
9.95980057863509
8.26282760047486
7.29449902069499

Solutions vector x
2.18973385046627
-1.22162798173948
-1.21844560366995
-3.04175207020714
7.19571516765111

Vector Ax
8.51691152831395
8.5995287301948
9.95980057863509
8.26282760047485
7.29449902069499

Ax compared to b = True

Properly testing det_tri
Matrix A
2.93242064906863  3.0347610558545  3.73153904161022  
4.75773049740015  4.78382776714108  0.897395862684304  
6.01816228871148  1.96294199301067  8.40124212596623  
3.26361041202378  0.773144718619597  6.84114544039645  

Matrix R
8.83767619930231  5.20452490461215  9.96855732729645  
0  3.07548326494019  -4.70948484783367  
0  0  3.24968620479276  

Determinant of R is 88.3268780756858

Properly testing inverse
Matrix A
6.27269896039399  8.57269625578667  0.927318227909188  
2.1809611060568  0.171181475823364  6.34099667255813  
9.46907573354853  9.08002822151409  2.32828660976528  

Inverse of matrix A
-0.441857201515472  -0.0891754709546671  0.418850324356718  
0.424760337903202  0.0450049216857918  -0.291744177731336  
0.140508237968118  0.187160518470065  -0.136186014970099  

Matrix Ainv*A
1  4.88498130835069E-15  1.11022302462516E-15  
-4.44089209850063E-15  0.999999999999995  -8.88178419700125E-16  
-1.77635683940025E-15  -1.55431223447522E-15  1  

Ainv*A compared to identity = True
